5.387851
5.387851
5.387851
5.387851
5.387851
5.387851
5.387851
5.387851
5.387851
5.387851
5.723260
5.723260
5.723260
5.723260
5.723260
5.723260
5.723260
5.723260
5.723260
5.723260
1.000000
0.785398
1.000000
0.785398
1.000000
0.785398
1.000000
0.785398
1.000000
0.785398
1.000000
0.785398
1.000000
0.785398
1.000000
0.785398
1.000000
0.785398
1.000000
0.785398
100.000000
1.000000
0.785398
1.000000
0.785398
1.000000
0.785398
1.000000
0.785398
1.000000
0.785398
1.000000
0.785398
1.000000
0.785398
1.000000
0.785398
1.000000
0.785398
1.000000
0.785398
100.000000
0.200000
0.104720
0.200000
0.104720
0.200000
0.104720
0.200000
0.104720
0.200000
0.104720
0.200000
0.104720
0.200000
0.104720
0.200000
0.104720
0.200000
0.104720
0.200000
0.104720
0.200000
0.104720
0.200000
0.104720
0.200000
0.104720
0.200000
0.104720
0.200000
0.104720
0.200000
0.104720
0.200000
0.104720
0.200000
0.104720
2.973495
3.147464
99.832296
99.689356
2.984350
3.115728
99.832296
99.689280
2.995208
3.083993
99.832296
99.689204
3.006068
3.052259
99.832296
99.689128
3.016930
3.020526
99.832296
99.689052
3.027795
2.988794
99.832296
99.688977
3.038662
2.957062
99.832296
99.688901
3.049532
2.925331
99.832296
99.688825
3.060404
2.893601
99.832296
99.688749
3.071279
2.861872
99.832296
99.688673
5.026505
4.852536
100.167704
100.310644
5.015650
4.884272
100.167704
100.310720
5.004792
4.916007
100.167704
100.310796
4.993932
4.947741
100.167704
100.310872
4.983070
4.979474
100.167704
100.310948
4.972205
5.011206
100.167704
100.311023
4.961338
5.042938
100.167704
100.311099
4.950468
5.074669
100.167704
100.311175
4.939596
5.106399
100.167704
100.311251
4.928721
5.138128
100.167704
100.311327
